-209.047165
-209.047222
-209.047108
-209.046793
-209.046278
-209.045448
-209.044404
-209.043074
-209.041457
-209.039454
-209.037037
-209.010029
-208.990173
-208.940120
-208.938432
-208.960190
-208.988299
-209.001503
-209.012604
-208.996267
-208.967943
-208.959017
-208.976741
-208.998141
-209.015636
-209.004650
-208.978815
-208.957229
-208.956099
-208.963466
-208.966885
-208.979759
-208.977842
-208.961949
-208.965840
-208.958273
-208.972063
-208.974767
-208.970389
-208.948846
-208.972192
-208.973250
-208.968658
-208.962550
-208.958087
-208.941035
-208.930349
-208.948288
-208.930063
-208.941278
-208.931851
-208.913469
-208.911080
-208.923054
-208.936915
-208.928790
-208.904271
-208.881969
-208.882713
-208.923340
-208.927646
-208.901095
-208.899536
-208.913183
-208.882685
-208.860540
-208.868709
-208.900995
-208.873014
-208.891096
-208.838396
-208.856778
-208.817325
-208.851213
-208.860955
-208.872170
-208.833475
-208.851628
-208.893671
-208.844118
-208.841043
-208.865304
-208.851800
-208.849225
-208.874316
-208.869495
-208.828654
-208.796797
-208.780861
-208.867178
-208.813791
-208.817339
-208.824334
-208.778744
-208.818469
-208.756714
-208.810802
-208.792205
-208.837938
-208.770247
-208.793592
-208.814549
-208.764768
-208.741150
-208.771691
-208.709779
-208.787227
-208.736830
-208.753796
-208.704472
-208.641386
-208.679194
-208.709478
-208.677664
-208.682113
-208.675618
-208.682456
-208.658481
-208.619471
-208.713598
-208.665447
-208.642273
-208.635249
-208.682685
-208.541636
-208.535514
-208.554525
-208.507676
-208.543582
-208.607211
-208.613548
-208.609643
-208.574610
-208.534670
-208.498449
-208.528805
-208.570762
-208.434277
-208.545856
-208.482013
-208.486061
-208.345327
-208.372951
-208.452973
-208.489766
-208.394938
-208.350720
-208.410873
-208.351321
-208.470840
-208.414850
-208.417554
-208.417354
-208.473744
-208.470769
-208.419113
-208.435736
-208.417010
-208.336687
-208.476806
-208.363252
-208.397284
-208.449068
-208.373508
-208.407540
-208.391891
-208.375912
-208.300123
-208.292799
-208.383679
-208.131566
-208.330250
-208.389688
-208.169546
-208.287020
-208.321795
-208.317261
-208.316889
-208.218155
-208.179088
-208.251629
-208.227510
-208.305717
-208.199000
-208.241887
-208.052230
-208.306518
-208.202562
-208.288550
-208.200674
-208.232846
-208.256121
-208.135042
-208.238325
-208.152394
-208.286290
-208.142838
-208.241057
-208.156400
-208.126845
-208.128948
-207.993693
-207.961349
-207.951508
-207.947087
-207.789731
-207.940207
-207.979932
-207.925744
-208.063660
-208.078966
-208.004866
-208.074389
-207.921381
-208.033004
-208.194938
-208.153381
-208.228183
-208.201947
-208.118305
-208.044548
-207.906461
-207.878652
-207.898350
-208.008027
-207.914729
-207.895474
-207.840786
-207.710352
-207.795539
-207.776728
-207.635751
-207.804279
-207.885032
-207.851429
-207.776828
-207.998772
-207.912297
-207.923541
-207.988758
-207.885504
-207.603364
-207.756715
-207.891784
-207.733212
-207.979274
-207.787442
-207.886992
-207.596641
-207.793579
-207.584467
-207.981262
-207.973552
-208.056564
-207.740850
-207.533469
-207.352924
-207.650657
-207.743526
-207.708421
-207.826266
-207.676821
-207.747917
-207.386212
-207.718134
-207.491484
-207.606225
-207.641430
-207.588930
-207.691240
-207.577872
-207.787971
-207.726116
-207.702370
-207.591991
-207.321682
-207.397084
-207.237782
-207.601705
-207.404952
-207.606411
-207.595353
-207.558775
-207.594709
-207.487836
-207.504101
-207.531438
-207.640128
-207.669954
-207.314830
-207.206511
-207.370934
-207.632446
-207.249670
-207.223120
-207.402334
-207.244449
-207.182279
-207.415209
-207.545013
-207.296348
-206.904559
-206.877537
-206.932068
-206.831503
-206.961951
-207.068911
-207.242360
-207.134643
-207.003164
-206.858983
-206.927247
-206.948605
-207.122011
-207.069798
-206.780305
-206.428299
-206.944084
-206.864405
-207.024851
-207.076664
-206.932840
-206.942911
-206.869354
-207.081356
-206.918750
-206.839542
-207.198472
-207.391419
-207.016468
-206.785212
-206.711111
-207.204924
-206.793265
-207.130423
-207.063689
-206.903772
-207.188301
-207.203178
-206.865292
-207.227869
-206.888452
-206.758389
-206.810102
-206.658897
-206.652017
-206.717777
-206.747961
-207.387214
-206.761250
-206.556559
-206.790934
-207.165799
-206.545758
-206.422334
-206.819143
-207.109437
-206.928334
-206.970477
-207.232218
-207.209072
-206.750622
-206.643877
-206.583924
-206.425509
-206.477580
-206.715360
-206.652532
-206.892457
-206.538119
-206.818843
-206.692142
-207.110295
-206.693029
-206.701484
-206.520624
-206.574955
-206.458468
-206.538391
-206.567931
-206.755428
-206.923127
-206.911254
-206.074433
-207.123270
-206.192036
-206.365013
-205.934801
-206.339636
-206.588545
-206.524158
-206.150165
-206.249413
-206.318278
-206.606183
-206.592693
-206.691298
-205.833921
-206.347246
-206.180449
-206.414437
-206.418757
-206.552310
-206.399517
-206.264076
-206.561852
-206.549306
-206.798015
-206.387358
-206.580005
-206.123972
-206.703901
-206.762452
-206.620460
-206.795483
-206.099825
-206.072431
-205.941925
-206.160164
-206.527476
-206.227798
-206.346774
-205.732155
-206.252689
-205.885019
-205.954514
-206.226168
-205.727577
-205.734115
-205.693946
-205.452590
-205.632477
-205.490041
-205.113358
-205.407329
-205.136776
-205.049744
-205.334072
-205.649557
-205.791650
-205.980134
-206.115489
-205.778046
-206.214037
-205.820460
-206.172981
-206.158261
-205.931425
-205.749192
-204.911799
-204.965343
-205.850244
-205.545087
-205.994096
-205.880084
-205.583668
-205.299983
-205.042992
-206.199474
-205.713902
-205.945473
-205.655994
-206.120481
-206.361065
-206.241245
-206.149220
-206.103244
-205.707965
-205.354900
-205.727034
-205.490298
-205.387588
-205.569077
-206.016440
-205.526648
-205.584841
-205.932655
-205.769033
-205.869370
-206.134171
-205.697622
-205.629516
-205.887308
-205.548162
-205.951595
-205.988674
-205.517092
-205.977659
-205.409188
-205.340638
-205.170808
-204.934402
-205.806928
-206.129808
-205.857067
-205.919166
-206.004782
-205.540695
-205.668969
-205.801692
-205.571880
-205.772996
-205.650415
-205.516677
-206.092372
-205.385270
-205.499868
-205.614195
-206.006155
-205.461788
-205.572267
-205.723414
-205.790191
-205.176716
-205.144386
-204.559321
-204.867153
-204.183512
-204.937148
-204.297266
-204.414239
-204.481716
-204.257483
-204.691515
-204.660358
-204.608889
-204.383411
-204.256854
-204.530396
-203.950024
-204.422007
-204.494534
-204.464936
-205.528293
-205.500040
-205.765700
-205.296865
-205.503402
-205.226841
-204.814382
-205.014868
-205.389791
-205.352883
-205.145917
-205.379248
-204.829988
-204.966445
-205.023594
-204.373612
-204.942942
-204.227686
-204.241333
-205.005856
-204.804211
-204.806385
-204.783196
-204.797301
-205.438099
-205.026841
-203.925433
-205.073547
-204.636383
-204.907093
-204.695749
-205.063376
-204.311256
-204.409847
-203.864636
-203.517323
-203.787260
-203.910770
-203.648272
-203.145332
-203.025441
-203.605299
-203.569422
-203.145804
-202.945547
-204.339423
-203.795428
-203.977346
-203.218503
-204.355817
-204.475565
-205.043607
-204.315419
-204.690185
-204.284377
-205.052018
-204.464035
-204.238214
-204.425554
-204.403753
-204.961767
-204.646840
-205.531611
-204.528437
-205.168962
-205.199862
-204.799747
-204.858685
-204.954414
-204.714046
-203.942156
-203.826599
-204.638300
-204.510026
-205.004339
-204.670143
-204.350066
-204.068155
-204.237814
-204.184299
-204.218144
-204.855251
-204.439831
-204.134159
-204.379606
-203.635125
-204.118667
-205.233922
-204.022408
-204.090114
-204.494576
-204.553270
-203.919268
-203.767648
-203.863120
-203.761697
-204.175529
-204.476137
-204.455137
-204.496064
-204.471488
-204.512959
-203.562970
-203.636084
-203.771911
-204.114146
-203.541684
-202.704792
-203.087926
-203.586617
-203.995113
-202.548695
-201.944332
-202.718096
-203.369436
-203.395686
-204.223680
-203.324146
-204.322987
-203.562884
-205.304804
-203.382797
-202.774043
-202.219748
-202.083650
-203.083305
-203.286266
-202.673106
-202.354002
-202.933459
-203.193612
-202.575045
-202.608619
-203.622193
-203.937907
-204.135962
-204.201536
-203.554330
-202.963700
-203.078942
-202.511244
-203.148179
-202.284150
-202.270546
-203.269300
-202.606859
-203.436856
-203.505077
-204.548707
-203.941369
-203.142142
-203.552012
-202.500315
-203.269429
-204.266868
-203.485265
-202.860303
-202.257357
-203.002911
-203.034897
-203.371110
-203.916793
-203.764987
-203.272862
-203.153672
-202.390323
-203.157563
-201.423612
-201.970296
-202.988162
-201.577778
-202.765574
-202.535305
-202.924547
-203.084064
-203.508167
-203.093662
-202.804899
-202.401094
-203.056440
-203.503704
-202.786460
-202.585688
-203.220062
-203.471475
-203.729324
-202.757292
-202.942228
-203.043036
-202.611551
-203.948135
-203.358808
-203.828702
-203.052893
-202.839746
-202.512760
-201.883764
-202.586546
-203.345132
-203.093963
-203.541212
-203.591037
-203.871517
-203.789406
-202.426071
