-1.970664527990610111e+02
-1.970671626948879975e+02
-1.970684776827949918e+02
-1.970703527518539886e+02
-1.970727254655560046e+02
-1.970755303250410009e+02
-1.970786498215369988e+02
-1.970820012836830131e+02
-1.970855845765819936e+02
-1.970892949751159904e+02
-1.970929637690109928e+02
-1.971070410708450140e+02
-1.971073835082410142e+02
-1.970990566977139906e+02
-1.970988913835859933e+02
-1.971093487249960106e+02
-1.971122461651499975e+02
-1.971062552208389889e+02
-1.970957952863049911e+02
-1.971070615263620027e+02
-1.971044738889760026e+02
-1.970968196221799928e+02
-1.970997650448190086e+02
-1.970943486065660011e+02
-1.970980586853150101e+02
-1.970978719466110078e+02
-1.970978715056679960e+02
-1.970967011304890093e+02
-1.970952245186049936e+02
-1.970918578819820084e+02
-1.970917098909609990e+02
-1.970835177338009885e+02
-1.970832006035599875e+02
-1.970829029187680135e+02
-1.970941935276129868e+02
-1.970794657357890003e+02
-1.970860861622900018e+02
-1.970767651183159899e+02
-1.970851507703370089e+02
-1.970741491580959917e+02
-1.970857830004860034e+02
-1.970698312909389927e+02
-1.970644061170409884e+02
-1.970614174228979891e+02
-1.970634112700720095e+02
-1.970537655223340039e+02
-1.970476332653560121e+02
-1.970595695230329909e+02
-1.970275445848949971e+02
-1.970347624896589878e+02
-1.970313001716089900e+02
-1.970202417801629906e+02
-1.970227530694560016e+02
-1.970209050823050063e+02
-1.970250786426169896e+02
-1.970106404144989938e+02
-1.970278777675179924e+02
-1.970243343247400105e+02
-1.969971007572129906e+02
-1.970121388436159862e+02
-1.969867249225480066e+02
-1.969875575406769883e+02
-1.970151528611330036e+02
-1.970128471414940066e+02
-1.970046106791029956e+02
-1.969904921799389967e+02
-1.969797400586780043e+02
-1.969956210000420072e+02
-1.969579678672799901e+02
-1.969838991084849908e+02
-1.969373440326440061e+02
-1.969566321257460118e+02
-1.968931168300809986e+02
-1.969237148936119866e+02
-1.969327069936790053e+02
-1.969476903742470029e+02
-1.969286914124749899e+02
-1.969593961313840111e+02
-1.969875368248870018e+02
-1.969423225739720067e+02
-1.969464518866899994e+02
-1.969321434168159897e+02
-1.969349579796489991e+02
-1.969542247242700057e+02
-1.969434403548239914e+02
-1.969234174991669875e+02
-1.968848759358720031e+02
-1.968844739234050110e+02
-1.968755871665620134e+02
-1.969161436208609928e+02
-1.968986994880050077e+02
-1.968894696263890012e+02
-1.968664238969269888e+02
-1.968165744581419858e+02
-1.968952587545259973e+02
-1.968278268703849960e+02
-1.968899324446479966e+02
-1.968522384031979868e+02
-1.968938480774540096e+02
-1.968358245696510096e+02
-1.968528395364079984e+02
-1.968562642308810098e+02
-1.968603425653350030e+02
-1.968394989361879936e+02
-1.968648662342579883e+02
-1.967867052464609969e+02
-1.968340512447560116e+02
-1.967519455836080056e+02
-1.967846986374810001e+02
-1.967850324452469977e+02
-1.967387539716060019e+02
-1.967656151370480018e+02
-1.967455144426990046e+02
-1.966803266320310115e+02
-1.966746403589660019e+02
-1.966754325682159958e+02
-1.966628371977569998e+02
-1.966671970725660117e+02
-1.966711475309240029e+02
-1.967788674887019909e+02
-1.967136089639080012e+02
-1.966761196826170135e+02
-1.966842888914329990e+02
-1.967306653216020038e+02
-1.965803267999930029e+02
-1.965660125750870009e+02
-1.965880180088659870e+02
-1.965353274372770045e+02
-1.965410323885479897e+02
-1.966350312403480132e+02
-1.966366826507729968e+02
-1.966549115942669914e+02
-1.966055594960540134e+02
-1.965558592923570131e+02
-1.965509731418790125e+02
-1.965515607251269898e+02
-1.965712717237200025e+02
-1.964127026471140027e+02
-1.965669361254390139e+02
-1.964632289477740130e+02
-1.965362876523410023e+02
-1.963231012188149975e+02
-1.963310887479929931e+02
-1.964293944548410025e+02
-1.964875807633530087e+02
-1.963745450128350001e+02
-1.963383826136000039e+02
-1.964049289486900136e+02
-1.962764354789179890e+02
-1.964133599537960038e+02
-1.963554629216380079e+02
-1.964212782601589993e+02
-1.964461302524489952e+02
-1.964925333089489925e+02
-1.965084502355090024e+02
-1.964015616572430076e+02
-1.964089381706619974e+02
-1.963774593752989972e+02
-1.963119147387949965e+02
-1.965021284404770086e+02
-1.963954388240200046e+02
-1.963888899526299952e+02
-1.964514775698009998e+02
-1.963796620468550032e+02
-1.963364624244399863e+02
-1.963377623189340113e+02
-1.963289421168410058e+02
-1.962760013508319901e+02
-1.962429853673889966e+02
-1.963202970359199924e+02
-1.961056187104130117e+02
-1.963745551060179935e+02
-1.963803213060199937e+02
-1.961102335100999881e+02
-1.962232069677230015e+02
-1.962673180959830006e+02
-1.962671071368880007e+02
-1.962235451986090027e+02
-1.961257991526379953e+02
-1.960646625292650072e+02
-1.960966159001960136e+02
-1.960975072995080097e+02
-1.961969870141599870e+02
-1.961154660915929924e+02
-1.961931652996590003e+02
-1.959407510914390116e+02
-1.962361307173210037e+02
-1.961624045511289864e+02
-1.962422117945079947e+02
-1.961704648154029940e+02
-1.961637548221439999e+02
-1.961878155229680090e+02
-1.960950914196259873e+02
-1.961861523750849869e+02
-1.961339805883980034e+02
-1.962517786434160030e+02
-1.960446005368669944e+02
-1.962205295178389974e+02
-1.961187919996170024e+02
-1.960721939173130011e+02
-1.961033942155060004e+02
-1.959026537881489958e+02
-1.958705733494969934e+02
-1.958183306210119952e+02
-1.958508156643729876e+02
-1.957146782076870011e+02
-1.958261573226959911e+02
-1.958283625343609913e+02
-1.957965667531229883e+02
-1.960184432471110085e+02
-1.960252893844059940e+02
-1.958862701319449968e+02
-1.958836837817800074e+02
-1.958003820394920069e+02
-1.958676588010580133e+02
-1.961006618163760038e+02
-1.960384715471959964e+02
-1.961632559958399895e+02
-1.961161626765349979e+02
-1.960160945150929876e+02
-1.959318535438470121e+02
-1.958933662021350131e+02
-1.957964514978469879e+02
-1.957720208070300032e+02
-1.958943608171190078e+02
-1.957906392790590075e+02
-1.957819332816600024e+02
-1.956220272584760096e+02
-1.954315632294839986e+02
-1.955416811373229962e+02
-1.956027854659099887e+02
-1.953784913011299977e+02
-1.956425164553839977e+02
-1.958308404785680068e+02
-1.957889484445420010e+02
-1.956314895026700071e+02
-1.958109879016830064e+02
-1.956813739533060073e+02
-1.957696739687939953e+02
-1.957805390844220028e+02
-1.956542235113070092e+02
-1.953714146145539985e+02
-1.955447442001079992e+02
-1.957610387639219880e+02
-1.955456160278340008e+02
-1.958052318017930133e+02
-1.955386705884940000e+02
-1.955762828289809931e+02
-1.953028190369620063e+02
-1.956796233816729966e+02
-1.954657175394239914e+02
-1.956869388728920001e+02
-1.956375631963979913e+02
-1.957716205133349945e+02
-1.955529416924240138e+02
-1.953688316424830020e+02
-1.951372087567270057e+02
-1.955424911444659983e+02
-1.956064751324070130e+02
-1.955605382824689968e+02
-1.956338162863989965e+02
-1.954472957947760108e+02
-1.955913663985029984e+02
-1.951350576354689963e+02
-1.955185781949600141e+02
-1.952482690447669995e+02
-1.954135263791760053e+02
-1.954893539858329916e+02
-1.954075986666229880e+02
-1.955993727150249981e+02
-1.955089110926130047e+02
-1.954970701663010004e+02
-1.954541939274259903e+02
-1.954564892169269967e+02
-1.954943237756089900e+02
-1.951371564021139875e+02
-1.951206131846919902e+02
-1.950913417703760047e+02
-1.952355164894800055e+02
-1.951717853655970032e+02
-1.953938980670060062e+02
-1.954176176831319935e+02
-1.953721456670629948e+02
-1.954112083869800074e+02
-1.952917453111639929e+02
-1.953241152240389908e+02
-1.952349461438120102e+02
-1.954534618191410118e+02
-1.955052777820150141e+02
-1.950398441825979887e+02
-1.950986770759650142e+02
-1.949957702515789890e+02
-1.952997909971290085e+02
-1.950491620929900023e+02
-1.950277185798329924e+02
-1.950210305464210023e+02
-1.947687860999780014e+02
-1.947434139982069894e+02
-1.950732725468990054e+02
-1.953497669126280130e+02
-1.949497954315449988e+02
-1.944697836476919974e+02
-1.944121006049589937e+02
-1.944410066485220057e+02
-1.943787984432570113e+02
-1.947499843682240055e+02
-1.947594330853150097e+02
-1.949657697230379938e+02
-1.949257843929700016e+02
-1.946290490708719858e+02
-1.943661783766750091e+02
-1.944088903165630029e+02
-1.945382207971269963e+02
-1.947336496653410052e+02
-1.946386982697839869e+02
-1.943157342861209997e+02
-1.940533928371910122e+02
-1.946344183769519987e+02
-1.944605128391270057e+02
-1.946943179765569880e+02
-1.946744365688919913e+02
-1.945427228563569884e+02
-1.945093635530899974e+02
-1.945583231301609999e+02
-1.946883147451059983e+02
-1.943726362880350109e+02
-1.942576452805299994e+02
-1.947549621944449996e+02
-1.950641566669270048e+02
-1.945724740829629980e+02
-1.942408408284860002e+02
-1.943205411190830034e+02
-1.947941630044080057e+02
-1.943330389457169929e+02
-1.949265620215159913e+02
-1.948393255006010065e+02
-1.946379755413979922e+02
-1.948267570131870059e+02
-1.949058523725599912e+02
-1.942323014435330037e+02
-1.946449257265990127e+02
-1.942971291152639992e+02
-1.940859878384019908e+02
-1.942336564591280137e+02
-1.941744534908009996e+02
-1.942148290545520126e+02
-1.942243665315180010e+02
-1.942304916582450005e+02
-1.951333563577479993e+02
-1.944536315505739879e+02
-1.942197343748919991e+02
-1.944851477320750064e+02
-1.948860293779019912e+02
-1.940703989590400056e+02
-1.941493387056939923e+02
-1.946193939575439913e+02
-1.946557673070510077e+02
-1.944186040839290115e+02
-1.944343374403360087e+02
-1.948088530287039930e+02
-1.948233244764720098e+02
-1.943811715415579897e+02
-1.942997217220980133e+02
-1.937925216152360122e+02
-1.939245688909340117e+02
-1.938680512915449867e+02
-1.942452212574480086e+02
-1.940300853565350110e+02
-1.942976514598209974e+02
-1.940402149411999915e+02
-1.942083490136770081e+02
-1.940438281195399952e+02
-1.946836174453889896e+02
-1.942109447057250122e+02
-1.941059317385679890e+02
-1.936998146408259913e+02
-1.938064160655299872e+02
-1.935952051812620027e+02
-1.936986119385780114e+02
-1.938571600240539965e+02
-1.941085507204660132e+02
-1.944343187038809901e+02
-1.943440493146850088e+02
-1.933678913979910021e+02
-1.945609185661519973e+02
-1.934826572154890130e+02
-1.935849579997469903e+02
-1.931525831926560102e+02
-1.935926668845370102e+02
-1.939441193251439870e+02
-1.937618993782689927e+02
-1.935102940403210141e+02
-1.935222296213179902e+02
-1.935344218534430070e+02
-1.938854172525169872e+02
-1.938955213794669987e+02
-1.941015929229540120e+02
-1.930959044262069995e+02
-1.935939660624059968e+02
-1.935706620422899960e+02
-1.939735363603070084e+02
-1.939004542839030023e+02
-1.939740136807799900e+02
-1.938049160165030003e+02
-1.935768991455639991e+02
-1.939702703741710081e+02
-1.939983985000050097e+02
-1.942663876968910017e+02
-1.938776976911609893e+02
-1.940595724503440067e+02
-1.935769874274270137e+02
-1.942975412789020027e+02
-1.942748156740269962e+02
-1.940607431632869861e+02
-1.942708870691220113e+02
-1.935390041247540012e+02
-1.935212100866590106e+02
-1.934000855397989938e+02
-1.935980552347010075e+02
-1.939371383916640070e+02
-1.936500132852509921e+02
-1.937431189439120089e+02
-1.930806159691059918e+02
-1.935219100380290058e+02
-1.930450277704570112e+02
-1.930967313877430058e+02
-1.934813866348299882e+02
-1.930808305656649964e+02
-1.930518399642220118e+02
-1.930568916262070047e+02
-1.927470424011480077e+02
-1.929690134286809950e+02
-1.927686366596589949e+02
-1.923630528394639896e+02
-1.927208375372169940e+02
-1.923120959727289971e+02
-1.921160841648199948e+02
-1.926416713203030042e+02
-1.930366944487560090e+02
-1.930965623215089977e+02
-1.933578676363179909e+02
-1.935407217518259984e+02
-1.932235089761909990e+02
-1.936636278746680091e+02
-1.931543812740160035e+02
-1.935846680423400130e+02
-1.935971376536450066e+02
-1.934154633048869982e+02
-1.928958000875610139e+02
-1.919920707526559909e+02
-1.920171819244949916e+02
-1.930763332390430094e+02
-1.928866226704450071e+02
-1.931832031334070052e+02
-1.931553113083230073e+02
-1.928423285929949884e+02
-1.925655280980209909e+02
-1.921528047052889860e+02
-1.936767490422440119e+02
-1.929913520686799870e+02
-1.933496569626439907e+02
-1.930398215544190066e+02
-1.934930924329960078e+02
-1.936483085429100015e+02
-1.933989948162669918e+02
-1.933321072930540083e+02
-1.934117968693279863e+02
-1.929340302333999944e+02
-1.926371823313799894e+02
-1.931341387622709931e+02
-1.928014550962159888e+02
-1.925136571587430012e+02
-1.927837758849709928e+02
-1.933969796471990037e+02
-1.928457850560749876e+02
-1.926422086383450107e+02
-1.931004292987020108e+02
-1.930707042543710088e+02
-1.929749200389630062e+02
-1.933004574723979943e+02
-1.929702432476950094e+02
-1.927645157918339862e+02
-1.931615725482440098e+02
-1.927288774464610128e+02
-1.934030033759850085e+02
-1.934531918921180136e+02
-1.928581177234900110e+02
-1.932113584494040026e+02
-1.926414318501009859e+02
-1.926699184533480036e+02
-1.924970321785600049e+02
-1.921719912935589889e+02
-1.930017234335649903e+02
-1.934653801732750082e+02
-1.933132895784399921e+02
-1.931464322374430083e+02
-1.932311057823370106e+02
-1.926618859785180007e+02
-1.930125212749439925e+02
-1.931580963325199889e+02
-1.928095748497090085e+02
-1.929558448530279975e+02
-1.928471828642250046e+02
-1.925494755138280141e+02
-1.933205246375150068e+02
-1.927774162346939875e+02
-1.927395923687489869e+02
-1.928776952898319905e+02
-1.933750931282500005e+02
-1.927825558773930084e+02
-1.929132835367020107e+02
-1.929946860142850085e+02
-1.929816979274509947e+02
-1.925548209191640012e+02
-1.924701666664730055e+02
-1.918459968950450047e+02
-1.922034314944050095e+02
-1.915897589729680135e+02
-1.924438911976340023e+02
-1.917489181077650073e+02
-1.918492798132409973e+02
-1.918160749647649936e+02
-1.915596263488789930e+02
-1.919575787965679865e+02
-1.918875750182870092e+02
-1.916964479651539932e+02
-1.915004502576099981e+02
-1.913700031199099953e+02
-1.918616196700500041e+02
-1.912567554686189908e+02
-1.916922878371809986e+02
-1.917458079385889960e+02
-1.918109373597999934e+02
-1.928938393166340006e+02
-1.927575976255230046e+02
-1.932700079048939870e+02
-1.922683509280689975e+02
-1.926635772120920080e+02
-1.926052688632429977e+02
-1.920488514348760134e+02
-1.922578806400690041e+02
-1.926620413562409908e+02
-1.926584532125270073e+02
-1.923005256332729971e+02
-1.925469408613500093e+02
-1.919474834428509951e+02
-1.920254255767669918e+02
-1.921613362246789904e+02
-1.915479268023350130e+02
-1.921437365265539938e+02
-1.912595983082649980e+02
-1.913443261968510001e+02
-1.921896884044710134e+02
-1.919783258085240050e+02
-1.919590682977579945e+02
-1.919541970359790071e+02
-1.918338077500739871e+02
-1.926676933000269969e+02
-1.920972432154320018e+02
-1.908892735558380025e+02
-1.922980170145069962e+02
-1.917577904395490123e+02
-1.922301650174890142e+02
-1.920400407076980116e+02
-1.921409549152699867e+02
-1.912398018019030133e+02
-1.912634781435590128e+02
-1.908499120328870049e+02
-1.905093827172599958e+02
-1.908349669298509923e+02
-1.909165831663889890e+02
-1.905006746049930086e+02
-1.899453625876589911e+02
-1.898109415975409888e+02
-1.903458842424209934e+02
-1.903106414571900018e+02
-1.898643409973959990e+02
-1.897258910871059925e+02
-1.913592250931469891e+02
-1.908133936831949882e+02
-1.908748130336790041e+02
-1.899851234124780035e+02
-1.914528112775859938e+02
-1.915871774094009936e+02
-1.920892752050530135e+02
-1.912500491149689879e+02
-1.915067388624759985e+02
-1.910711343418680030e+02
-1.921146480107780121e+02
-1.915559765772700018e+02
-1.913357584836300020e+02
-1.914839341182249939e+02
-1.914396222969859878e+02
-1.919632850833770021e+02
-1.915315075216400089e+02
-1.925853740058450114e+02
-1.915707392343080073e+02
-1.923583914276590008e+02
-1.923165060699249977e+02
-1.917339091176839929e+02
-1.918153015396509886e+02
-1.919900953891340123e+02
-1.916870496122870122e+02
-1.908195813714029896e+02
-1.906760453490439886e+02
-1.915991391752199888e+02
-1.915042153190829879e+02
-1.919364347217849911e+02
-1.915381320339820093e+02
-1.912232752321779969e+02
-1.909429283021580090e+02
-1.911005893667060036e+02
-1.909912775253380062e+02
-1.909929393239779927e+02
-1.918205970877829998e+02
-1.913553409497540088e+02
-1.908870715289210125e+02
-1.912760718080299966e+02
-1.904662935510060038e+02
-1.909987872266279965e+02
-1.922254379622139879e+02
-1.909340634526319889e+02
-1.905676286071270056e+02
-1.912983180721440135e+02
-1.915025145187339888e+02
-1.909262426791590030e+02
-1.908491117326049960e+02
-1.909926902795249930e+02
-1.908984403422979881e+02
-1.913633178878139915e+02
-1.916952264725019859e+02
-1.914467428413520054e+02
-1.916114558374879948e+02
-1.915561877605919960e+02
-1.914757293148319945e+02
-1.906149740802680128e+02
-1.906007664108369966e+02
-1.907402976548690106e+02
-1.912549772311269862e+02
-1.906646802546530068e+02
-1.896730051397040029e+02
-1.900525162090580125e+02
-1.904554498029849867e+02
-1.909011598450850045e+02
-1.894321754095039978e+02
-1.889329705640720078e+02
-1.896224319240569969e+02
-1.904855489067520011e+02
-1.905376612359009982e+02
-1.912630533587270065e+02
-1.903184121152079911e+02
-1.915367791051189954e+02
-1.907735232648850001e+02
-1.925666757797660011e+02
-1.905191685489920133e+02
-1.898286888943680140e+02
-1.891354510302840026e+02
-1.888349011748410078e+02
-1.899751462779900066e+02
-1.902638466333679901e+02
-1.897388719650770099e+02
-1.890599516892829968e+02
-1.899216446598460095e+02
-1.901473388420380104e+02
-1.894964442800500137e+02
-1.896808192094190133e+02
-1.905385384417170087e+02
-1.908455167971189894e+02
-1.912668473179109867e+02
-1.913850807118620025e+02
-1.903782273127939959e+02
-1.897892012273109970e+02
-1.900225442245850047e+02
-1.892993549939149887e+02
-1.902667309710710128e+02
-1.891559300663959959e+02
-1.890654787385049929e+02
-1.902424496965089986e+02
-1.893865978631270082e+02
-1.904273543499620018e+02
-1.905175259610809917e+02
-1.915546132245160038e+02
-1.911050517586519959e+02
-1.900236441444980073e+02
-1.904113833445939861e+02
-1.894125556225500020e+02
-1.901977240108209912e+02
-1.911981616704320004e+02
-1.903473533011070060e+02
-1.895547517650830116e+02
-1.889813247409020107e+02
-1.896791676990139877e+02
-1.898344269621229898e+02
-1.903292105274499875e+02
-1.908830637016340006e+02
-1.906292486147810052e+02
-1.900742739431790085e+02
-1.899399104246510035e+02
-1.891952969073859947e+02
-1.896534478615089938e+02
-1.875948077836949892e+02
-1.883935264179669957e+02
-1.895068619667949861e+02
-1.879108480168519861e+02
-1.891396545464359917e+02
-1.891168716312299978e+02
-1.894734990557639946e+02
-1.897502776725160061e+02
-1.905338875956620086e+02
-1.899119197112869983e+02
-1.896015199589660085e+02
-1.890102172203170028e+02
-1.898667117229909991e+02
-1.904760606547989994e+02
-1.895909754676200123e+02
-1.895603859866700134e+02
-1.904242483943330058e+02
-1.904719224086329916e+02
-1.908336364484379999e+02
-1.897391551169199886e+02
-1.897808937176249913e+02
-1.900137967660230061e+02
-1.896771914092549878e+02
-1.909993892166820046e+02
-1.900551811616209932e+02
-1.910632199713780039e+02
-1.898302117756080065e+02
-1.896416720577580008e+02
-1.893423394636920136e+02
-1.886308647772239908e+02
-1.892914187695679971e+02
-1.899641319097790131e+02
-1.897686517609130021e+02
-1.902642340959139915e+02
-1.905608734589000051e+02
-1.908615450143969952e+02
-1.907448245538940057e+02
-1.894585185466690120e+02
